Case      Weight  Moves          Nodes Explored    Runtime(ms)    
------------------------------------------------------------------
Case 1    1.0     48             143357            2717.0         
Case 1    1.2     48             143357            2945.1         
Case 1    2.0     50             495               7.9            
Case 1    5.0     110            562               12.9           
------------------------------------------------------------------
Case 2    1.0     49             74885             1388.7         
Case 2    1.2     49             74885             1426.4         
Case 2    2.0     61             1912              36.9           
Case 2    5.0     93             463               8.3            
------------------------------------------------------------------
Case 3    1.0     53             2425638           50588.8        
Case 3    1.2     53             2425638           59384.5        
Case 3    2.0     61             904               17.2           
Case 3    5.0     93             362               8.2            
------------------------------------------------------------------
Case 4    1.0     50             35498             700.3          
Case 4    1.2     50             35498             629.9          
Case 4    2.0     66             1105              21.8           
Case 4    5.0     102            1070              21.4           
------------------------------------------------------------------
Case 5    1.0     58             6473694           140571.0       
Case 5    1.2     58             6473694           167406.8       
Case 5    2.0     70             7420              142.0          
Case 5    5.0     94             365               6.9            
------------------------------------------------------------------
Case 6    1.0     45             107906            2483.5         
Case 6    1.2     45             107906            2316.8         
Case 6    2.0     51             792               14.4           
Case 6    5.0     51             86                1.9            
------------------------------------------------------------------
Case 7    1.0     47             245337            5538.8         
Case 7    1.2     47             245337            5453.1         
Case 7    2.0     51             1314              27.0           
Case 7    5.0     73             401               9.2            
------------------------------------------------------------------
Case 8    1.0     50             110953            2403.6         
Case 8    1.2     50             110953            2794.2         
Case 8    2.0     68             10351             223.7          
Case 8    5.0     92             1816              39.5           
------------------------------------------------------------------
Case 9    1.0     55             1606130           35473.9        
Case 9    1.2     55             1606130           39797.1        
Case 9    2.0     65             2136              39.9           
Case 9    5.0     93             363               6.3            
------------------------------------------------------------------